MPI11M322 0.973 -0.002 322.5 89.9 0.115 0.0556 0.04977
MPI1A322 0.974 0.182 322.5 90.0 0.140 0.0556 0.05798
MPI2A322 0.974 0.512 322.5 89.7 0.140 0.0556 0.05929
MPI3A322 0.975 0.850 322.5 90.2 0.140 0.0556 0.05843
MPI4A322 0.972 1.161 322.5 90.5 0.140 0.0556 0.05851
MPI5A322 1.051 1.330 322.5 44.6 0.141 0.0556 0.05891
MPI8A322 1.219 1.406 322.5 0.3 0.139 0.0556 0.06072
MPI89A322 1.402 1.407 322.5 0.7 0.115 0.0556 0.04833
MPI9A322 1.584 1.408 322.5 0.6 0.140 0.0556 0.05917
MPI79FA322 1.783 1.323 322.5 -39.3 0.141 0.0556 0.05963
MPI79NA322 1.924 1.206 322.5 -39.2 0.114 0.0556 0.04792
MPI7FA322 2.067 1.090 322.5 -39.4 0.140 0.0556 0.05700
MPI7NA322 2.219 0.870 323.3 -68.1 0.140 0.0556 0.05863
MPI67A322 2.270 0.746 321.7 -67.9 0.141 0.0556 0.05998
MPI6FA322 2.319 0.623 323.2 -68.0 0.140 0.0556 0.05768
MPI6NA322 2.416 0.249 317.4 -89.3 0.141 0.0556 0.05958
MPI66M322 2.418 -0.001 317.4 -89.9 0.140 0.0556 0.06040
MPI1B322 0.974 -0.187 322.5 90.1 0.140 0.0556 0.06017
MPI2B322 0.975 -0.512 322.5 90.3 0.140 0.0556 0.05962
MPI3B322 0.974 -0.854 322.5 89.8 0.140 0.0556 0.05960
MPI4B322 0.972 -1.159 322.5 89.6 0.141 0.0556 0.05856
MPI5B322 1.048 -1.330 322.5 136.4 0.140 0.0556 0.06048
MPI8B322 1.254 -1.405 322.5 -180.0 0.140 0.0556 0.05967
MPI89B322 1.477 -1.406 322.5 -179.9 0.140 0.0556 0.05817
MPI9B322 1.699 -1.406 322.5 179.9 0.142 0.0556 0.05849
MPI79B322 1.894 -1.333 322.5 -129.5 0.141 0.0556 0.05751
MPI7FB322 2.085 -1.102 322.5 -129.2 0.140 0.0556 0.05773
MPI7NB322 2.212 -0.873 323.4 -113.5 0.141 0.0556 0.05741
MPI67B322 2.263 -0.749 321.7 -112.8 0.140 0.0556 0.06145
MPI6FB322 2.315 -0.624 323.3 -113.4 0.140 0.0556 0.05904
MPI6NB322 2.416 -0.244 317.4 -90.8 0.140 0.0556 0.06041
MPI11M067 0.973 -0.004 75.4 90.0 0.141 0.0556 0.06095
MPI1A139 0.979 0.070 142.5 90.3 0.142 0.0556 0.09776
MPI2A067 0.973 0.518 75.4 89.8 0.140 0.0556 0.06015
MPI2A139 0.977 0.209 135.0 89.9 0.141 0.0556 0.09808
MPI3A139 0.979 0.347 142.5 90.1 0.141 0.0556 0.09725
MPI4A139 0.976 0.485 135.0 90.0 0.141 0.0556 0.09767
MPI5A139 0.979 0.759 142.5 89.7 0.141 0.0556 0.09756
MPI67A142 2.262 0.757 142.7 -67.3 0.153 0.1000 0.13527
MPI67A097 2.266 0.758 97.4 -67.6 0.155 0.1000 0.13076
MPI6NA157 2.407 0.254 157.6 -89.4 0.141 0.0556 0.05951
MPI66M067 2.413 0.003 67.5 -89.9 0.141 0.0556 0.06218
MPI1B139 0.977 -0.069 135.0 90.0 0.142 0.0556 0.09748
MPI2B067 0.972 -0.517 75.4 90.3 0.139 0.0556 0.05997
MPI2B139 0.979 -0.207 142.5 89.6 0.141 0.0556 0.09812
MPI3B139 0.977 -0.343 135.0 90.1 0.141 0.0556 0.09816
MPI4B139 0.980 -0.482 142.5 89.9 0.141 0.0556 0.09748
MPI5B139 0.977 -0.757 134.9 89.8 0.142 0.0556 0.09822
MPI66M157 2.413 -0.001 157.6 -89.8 0.137 0.0556 0.06109
MPI1B157 0.972 -0.183 157.5 89.6 0.141 0.0556 0.06068
MPI79B142 2.044 -1.110 142.4 -129.1 0.154 0.1000 0.20995
MPI7NB142 2.209 -0.867 143.3 -112.6 0.142 0.0556 0.06023
MPI6FB142 2.312 -0.620 143.4 -113.0 0.140 0.0556 0.06147
MPI6NB157 2.414 -0.244 157.6 -89.6 0.141 0.0556 0.06336
MPI1U157 1.445 1.277 155.0 -40.6 0.027 0.0556 0.01198
MPI2U157 1.560 1.187 155.0 -40.8 0.027 0.0556 0.01227
MPI3U157 1.723 1.112 155.0 -3.3 0.027 0.0556 0.01229
MPI4U157 1.873 1.116 155.4 -2.8 0.054 0.0556 0.02398
DSL1U180 1.506 1.270 185.0 49.5 0.094 60.1 0.13912
DSL2U180 1.590 1.198 185.0 49.5 0.088 60.2 0.14843
DSL4U157 1.877 1.133 157.6 90.5 0.196 6.0 0.07450
MPI1L180 1.5104 -1.2915 180. -179.99 0.0271 0.0556 0.01130
MPI2L180 1.6103 -1.2915 180. -179.75 0.0277 0.0556 0.01117