MPI11M322 0.973 -0.002 322.5 89.9 0.115 0.0556 0.04977
MPI1A322 0.974 0.182 322.5 90.0 0.140 0.0556 0.05798
MPI2A322 0.974 0.512 322.5 89.7 0.140 0.0556 0.05929
MPI3A322 0.975 0.850 322.5 90.2 0.140 0.0556 0.05843
MPI4A322 0.972 1.161 322.5 90.5 0.140 0.0556 0.05851
MPI5A322 1.051 1.330 322.5 44.6 0.141 0.0556 0.05891
MPI8A322 1.219 1.406 322.5 0.3 0.139 0.0556 0.06072
MPI89A322 1.402 1.407 322.5 0.7 0.115 0.0556 0.04833
MPI9A322 1.584 1.408 322.5 0.6 0.140 0.0556 0.05917
MPI79FA322 1.783 1.323 322.5 -39.3 0.141 0.0556 0.05963
MPI79NA322 1.924 1.206 322.5 -39.2 0.114 0.0556 0.04792
MPI7FA322 2.067 1.090 322.5 -39.4 0.140 0.0556 0.05700
MPI7NA322 2.219 0.870 323.3 -68.1 0.140 0.0556 0.05863
MPI67A322 2.270 0.746 321.7 -67.9 0.141 0.0556 0.05998
MPI6FA322 2.319 0.623 323.2 -68.0 0.140 0.0556 0.05768
MPI6NA322 2.416 0.249 317.4 -89.3 0.141 0.0556 0.05958
MPI66M322 2.418 -0.001 317.4 -89.9 0.140 0.0556 0.06040
MPI1B322 0.974 -0.187 322.5 90.1 0.140 0.0556 0.06017
MPI2B322 0.975 -0.512 322.5 90.3 0.140 0.0556 0.05962
MPI3B322 0.974 -0.854 322.5 89.8 0.140 0.0556 0.05960
MPI4B322 0.972 -1.159 322.5 89.6 0.141 0.0556 0.05856
MPI5B322 1.048 -1.330 322.5 136.4 0.140 0.0556 0.06048
MPI8B322 1.254 -1.405 322.5 -180.0 0.140 0.0556 0.05967
MPI89B322 1.477 -1.406 322.5 -179.9 0.140 0.0556 0.05817
MPI9B322 1.699 -1.406 322.5 179.9 0.142 0.0556 0.05849
MPI79B322 1.894 -1.333 322.5 -129.5 0.141 0.0556 0.05751
MPI7FB322 2.085 -1.102 322.5 -129.2 0.140 0.0556 0.05773
MPI7NB322 2.212 -0.873 323.4 -113.5 0.141 0.0556 0.05741
MPI67B322 2.263 -0.749 321.7 -112.8 0.140 0.0556 0.06145
MPI6FB322 2.315 -0.624 323.3 -113.4 0.140 0.0556 0.05904
MPI6NB322 2.416 -0.244 317.4 -90.8 0.140 0.0556 0.06041