 &IN1
 ISHOT = 194414
 ITIME = 5250
 ITIMEU = 0
 PLASMA = 591963.3204863761
 EXPMP2 = 0.046369233914904065 0.05277567022982805 0.05791758502797219 
 0.04915028453470522 0.05781650875289848 0.0609280438492697 
 0.1729804877950057 -0.01194899003210398 0.008431665678994268 
 0.04934292941989991 0.050093737227523055 0.04845888760391066 
 0.2532081790995344 0.24783180505875205 0.21194709151764832 
 0.042009749529181094 0.04648866731130886 0.029832721782531716 
 0.04182667156552488 0.04938893904269645 0.16639739939499668 
 0.21316868187396576 0.024732465514545842 -0.07560694460667726 
 -0.0427914198789831 0.038310057735976566 0.03732619960457583 
 0.1425569075853223 0.2678268916336366 0.0874644925124202 0.0844170988140408 
 0.08043196255111931 0.008473066307765932 0.00020217134848562373 
 -0.02980026333731584 -0.023262502931943166 0.05395853854621236 
 0.136299620083975 0.2468735519831307 0.21216316643536137 0.2742703482273051 
 0.13804050339789706 0.04616869100682979 -0.0499976394235781 
 -0.09246863432343999 -0.03766808078057704 0.09162678652406682 
 0.1090819487657438 0.13332759918969772 0.1533713192234994 
 0.18892505137532373 0.19051050343383832 0.04810007431425528 
 0.027906725468797747 0.04549450417413473 0.03618775284247912 
 0.05063238635404938 0.2020144154234835 0.15986148998394972 
 0.13895961581994112 0.006941704599661861 -0.0025123387275815313 
 0.08185018738023309 0.06677962392256903 0.13638693382532083 
 0.1284366023134199 -1.300134666022755 0.08105970041104915 
 0.13127755107331918 0.10020083472074436 0.18235670572772508 
 -0.04113929777750867 0.0 0.1023046418046646 0.09562892221148138 
 0.08919871496208101
 COILS = 0.0005932881143661891 -0.052452099049659556 -0.15026380024426483 
 -0.190804395247626 -0.19151635068265555 -0.15736766645313593 
 -0.5494411726531693 -0.17956619851759834 -0.11874431701211684 
 0.0002285122448825218 -0.054191502318030695 -0.16075299610746419 
 -0.21699099272521527 -0.21279688502575986 -0.18733674347920656 
 0.09905608204922388 -0.21515916652642011 -0.12507971552819935 
 0.0034055341133232987 -0.02347377308507361 -0.09956314985266104 
 -0.1564570733163615 -0.18796890533173038 -0.18185725478605425 
 -0.1100536095496451 0.015384505411059431 0.030068844881659642 
 -0.15600411292812624 -0.11346835071550522 -0.02108535629518741 
 -0.1025119734448927 -0.18706628028604078 -0.21531396456581806 
 -0.21024430478775394 -0.08711698234822818 0.05240811190388323 
 0.0630657453008524 -0.043874760983082586 -0.13235971638528873 
 -0.19921437004211445 -0.1405586523238867 -0.14869309831224864 
 -0.04447677218641917 -0.07761634125471158
 BTOR = -2.021509199435981
 FWTSI = 2*1.0 0.0 3*1.0 0.0 14*1.0 0.0 15*1.0 0.0 1.0 0.0 2*1.0 0.0 1.0
 FWTCUR = 1.0
 LIMITR = -33
 FWTMP2 = 7*1.0 2*0.0 3*1.0 0.0 53*1.0 0.0 1.0 0.0 3*1.0 0.0 2*1.0 0.0
 KFFCUR = 3
 KPPCUR = 2
 IERCHK = 1
 FWTBP = 0.0
 SERROR = 0.03
 NEXTRA = 2
 SCRAPE = 0.04
 ITRACE = 1
 ITEK = 0
 XLTYPE = 0.0
 RCENTR = 1.6955
 BITIP = 152.58499388437485
 PSIBIT = 9.8525524809219e-05 2.392843399539983e-05 2.4703478648645943e-05 
 2.4664091501752985e-05 2.4451266120975937e-05 2.37816637803593e-05 
 0.0003051699895877391 2.4619310536719632e-05 2.459133632919802e-05 
 2.4544276481790195e-05 2.4535385598217427e-05 2.4713969844943062e-05 
 2.46124159911619e-05 2.350006663930787e-05 2.4015469237793213e-05 
 2.3679718533162197e-05 2.3843925440679772e-05 2.343415969356319e-05 
 2.4777011976158045e-05 2.4564040691326533e-05 2.4512703307591824e-05 
 2.4502992582189215e-05 2.4472878448535476e-05 2.4489004320459723e-05 
 2.4650054605338673e-05 2.3746936299459676e-05 2.4443982497939637e-05 
 2.39518921250452e-05 2.4693765607305962e-05 2.4674290889941178e-05 
 2.4525623922192624e-05 2.4498328284321136e-05 2.4054129180351227e-05 
 2.4583760898052795e-05 2.4669823446749756e-05 2.3763548518232133e-05 
 2.4455054994517236e-05 2.4502068523177614e-05 2.4429896966840503e-05 
 2.3861897114689848e-05 2.4485799063136277e-05 2.3742177048159327e-05 
 2.4591482233252485e-05 2.4492888147433292e-05
 BITMPI = 5.033267080838989e-05 3.0891193114711626e-05 5.0904994404165835e-05 
 3.0732415367038185e-05 3.148418587540255e-05 3.077140925719212e-05 
 3.086390120188298e-05 4.859349500937983e-05 2.8298215268417193e-05 
 2.2396035462558393e-05 2.302160975853427e-05 2.2276293421975412e-05 
 4.8921306836158425e-05 5.098846565106466e-05 4.9026499945478e-05 
 3.086908332575536e-05 5.120566633935774e-05 3.0583505965998525e-05 
 3.102860065571939e-05 3.1081975148209004e-05 3.05442851126006e-05 
 4.984642689783098e-05 5.005260119719454e-05 2.8414951819346907e-05 
 5.0450521280006634e-05 2.235618741588117e-05 2.2530178109853895e-05 
 4.862732940233644e-05 4.686637339074151e-05 4.996319722297979e-05 
 6.280326188272964e-05 5.069945543783238e-05 5.024342252543321e-05 
 6.291560472405575e-05 5.2794063915312384e-05 5.184736752924905e-05 
 4.998171939086648e-05 5.153634413090913e-05 5.0573997536291354e-05 
 4.9258176491596885e-05 5.0321809352025376e-05 5.134800932561894e-05 
 4.912485646372221e-05 5.329183032153767e-05 5.283360001583082e-05 
 5.224082635956525e-05 5.174634906849034e-05 5.251252443014276e-05 
 5.007290073400124e-05 4.914720694558852e-05 5.1258161266731946e-05 
 5.0280707609484665e-05 5.112538141367924e-05 5.022274163509963e-05 
 6.087841702090641e-05 5.152482664961362e-05 5.204530943551814e-05 
 5.191848256722769e-05 5.1175838875742834e-05 5.1295802767862414e-05 
 0.00012646866739030385 0.00012511827223118943 0.00012328020377916533 
 6.189726017979437e-05 5.432356239000523e-05 5.1071360877005985e-05 
 3.9380070606591204e-05 4.03695646319837e-05 0.00013268570037538313 
 0.00013236647959038225 0.00013248940507650138 7.358682353146269e-05 0.0 
 0.00013511166572470132 0.00013638180693057583 0.000132883587776942
 DENR = 1.0145384023825076e+16 0.0
 DENV = 5298430718570864.0 1.8743980339552633e+20 -5.959362524257531e+20
 SIREF = 0.027455742541289213
 FWTFC = 18*1.0
 BRSP = 208248.9432348302 177662.61227911475 -36236.59641936429 
 -23713.58571226806 580.9780948772576 -183779.4527706027 180578.9871516496 
 -20593.55813464844 -3113.13999418257 228796.92060807208 179226.74704092267 
 -39436.02691535223 -72557.71559984451 368.0421478596169 -241072.3602893319 
 245736.48192139453 -78375.81650779769 -3338.628796157219 593*0.0
 BITFC = 40.028252159629574 40.16922259704984 40.77721505269892 
 39.83849152025982 40.44119845141836 38.089205562388884 37.608517752858006 
 41.859438302024046 38.30826037130208 40.62517849057883 41.42684982306264 
 40.55786521681512 40.856607075483 40.64680170538793 38.01592636330611 
 38.124708581207756 40.281026568918605 37.743194029474125
 IECURR = 1
 IPLIM = 0
 ECURRT = -25770.410486521134 -25395.566115359252 -25609.199453270798 
 -25236.930328383078 -26124.149290560003 -25001.43979668225
 IFITVS = 0
 VLOOP = 0.5049723813225035
 DFLUX = 3.849833723744043
 IFCURR = 0
 IAVEM = 5
 ICPROF = 0
 CURRN1 = 0.0
 N1COIL = 0
 PNBEAM = 0.0
 ERROR = 1e-08
 errmin = 1e-08
 MXITER = 100
 XLTYPE_180 = 0.0
 ICUTFP = 0
 keqdsk = 1
 IBTCOMP = 1
 fcurbd = 1.0
 pcurbd = 1.0
 ALPHAFP = 0.0
 KSKIPVS = 0
 VSDAMP = 0.0
 KFRAME = 0
 ZELIP = 10000000.0
 FWTDLC = 0.0
 SIGDLC = 0.3182179243719496
 ELOMIN = 0.9
 KCALPA = 1
 KCGAMA = 1
 CALPA = 3*0.1 1021*0.0
 CGAMA = 3*0.1 1021*0.0
 XALPA = 32*0.0
 XGAMA = 32*0.0
 KZEROJ = 61
 RZEROJ = 61*0.0
 IAVEUS = 0
 RELAX = 0.87
 FWTEC = 6*0.0
 BITEC = 6.793790204255856 6.825282560600954 6.869316710890416 
 6.791760100196598 7.065287404202536 6.9778151337231975
 FITSIREF = .true.
 KPPFNC = 6
 KPPKNT = 8
 PPKNT = 0.0 0.2531817006813271 0.7728628249665661 0.9136659443353622 
 0.9289008466703333 0.9443517833435229 0.9606862299527186 1.0
 PPTENS = 0.1
 KFFFNC = 6
 KFFKNT = 5
 FFKNT = 0.0 0.25061194674880233 0.8052740103978328 0.9314704788574774 1.0
 FFTENS = 0.1
 KWWFNC = 0
 KWWKNT = 0
 WWKNT = 64*0.0
 WWTENS = 0.0
 NBDRY = 3
 VBIT = 80.0
 NBDRYMX = 110
 PPBDRY = 8*0.0
 KPPBDRY = 8*0
 PP2BDRY = 8*0.0
 KPP2BDRY = 8*0
 FFBDRY = 5*0.0
 KFFBDRY = 5*0
 FF2BDRY = 5*0.0
 KFF2BDRY = 5*0
 WWBDRY = 64*0.0
 KWWBDRY = 64*0
 WW2BDRY = 64*0.0
 KWW2BDRY = 64*0
 KTEAR = 0
 KERSIL = 3
 iout = 20
 IXRAY = 0
 KPPHORD = 0
 KFFHORD = 0
 KEEHORD = 0
 PSIECN = 0.0
 DPSIECN = 0.0
 FITZTS = 'no'
 ISOLVE = 1
 IPLCOUT = 0
 IMAGSIGMA = 0
 ERRMAG = 0.0
 SAIMIN = 80.0
 ERRMAGB = 0.0
 FITFCSUM = .false.
 FWTFCSUM = 18*0.0
 EFITVERSION = 20240820
 KWRIPRE = 0
 IFINDOPT = 2
 TOLBNDPSI = 1e-12
 SILOPLIM = 0.0
 USE_PREVIOUS = .false.
 REQ_VALID = .false.
 kedgep = 0
 kedgef = 0
 RPRESS = -0.0 -0.09654024613480672 -0.18460997041792426 -0.2648763676734428 
 -0.3379601876424301 -0.4044385343554535 -0.46484752346005787 
 -0.5196848033289435 -0.5694119455935518 -0.6144567105704684 
 -0.6552151928745091 -0.6920538523425614 -0.7253114352260717 
 -0.7553007904475811 -0.7823105855577622 -0.8066069268740447 
 -0.8284348881300551 -0.8480199518166893 -0.8655693672506881 
 -0.8812734292649989 -0.895306681276996 -0.9078290463557115 
 -0.9189868897775879 -0.9289140164318566 -0.937732606311415 
 -0.9455540912030136 -0.9524799755715888 -0.9586026045176974 
 -0.9640058815741324 -0.9687659389979341 -0.9729517631070812 
 -0.9766257771071299 -0.9798443837519224 -0.9826584700841674 
 -0.9851138764061662 -0.9872518315381735 -0.9891093563318114 
 -0.9907196373185507 -0.9921123722884939 -0.9933140895125093 
 -0.9943484422411217 -0.9952364800364358 -0.995996898418698 
 -0.9966462682368714 -0.9971992461027418 -0.9976687671605735 
 -0.998066221399138 -0.9984016146500068 -0.9986837153552999 
 -0.9989201881295685 -0.9991177150841161 -0.9992821058278061 
 -0.9994183970062065 -0.9995309421907509 -0.9996234928814165 
 -0.9996992713401783 -0.9997610359281714 -0.9998111395770254 
 -0.999851581984196 -0.9998840560832666 -0.9999099893030817 
 -0.9999305800941717 -0.9999468301671904 -0.9999595728559744 
 -0.9999694979873027 -0.9999771736104561 -0.9999830649121916 
 -0.9999875506167365 -0.9999909371458189 -0.9999934707905396 
 -0.9999953481250355 -0.9999967248713251 -0.9999977234054302 
 -0.9999984390768066 -0.9999989454962203 -0.9999992989314724 
 -0.9999995419357331 -0.9999997063196682 -0.9999998155659932 
 -0.9999998867735188 -0.9999999322071232 -0.9999999605203672 
 -0.9999999777086039 -0.9999999878423992 -0.9999999936238189 
 -0.9999999968016322 -0.9999999984756609 -0.9999999993153628 
 -0.9999999997132027 -0.9999999998894272 -0.9999999999614456 
 -0.9999999999881274 -0.9999999999968766 -0.9999999999993314 
 -0.999999999999892 -0.9999999999999885 -0.9999999999999993 3*-1.0
 PRESSR = 62288.115809196606 50270.75811704577 40309.404541460026 
 33104.56414655409 27712.979098601216 23519.984486850102 20160.255127314133 
 17420.9609370764 15160.938652498906 13275.919443630355 11686.280839619247 
 10337.371298777853 9189.46319293618 8210.655269983337 7374.7390225080835 
 6657.68839052379 6039.1157960239425 5500.707859958506 5025.187319106604 
 4597.019234689954 4201.231460084922 3828.329134219399 3471.717867260352 
 3131.323304971458 2810.96777046036 2516.432113017076 2242.544257792508 
 1969.231727291869 1687.9026162510188 1431.5309358221302 1225.4976043455451 
 1063.7939870943444 934.6591196805323 829.9176437992584 749.9592935521257 
 681.2482153895601 629.6931874952616 585.5853096380337 548.4284290196453 
 520.1778392391633 495.86174054273926 474.9852889419585 457.10898048143304 
 442.7724397881385 430.8353474553915 420.699831071414 412.1200157901665 
 404.8799064648167 398.7902193831891 393.68549907728226 389.4214993041102 
 385.8728084663894 382.93070086838657 380.5011962852367 378.503311364118 
 376.8674873738585 375.53417977644244 374.45259601063367 373.5795687552042 
 372.8785527779765 372.31873427795114 371.87424239208104 371.5234532664921 
 371.2483777852306 371.0341247085821 370.86843159869727 370.74125650342387 
 370.6444239308473 370.5713191777659 370.5166255763834 370.4760996953292 
 370.44637997490065 370.42482469295066 370.4093755478274 370.3984435093632 
 370.39081392868866 370.3855682136675 370.382019669808 370.3796613774624 
 370.3781242258674 370.3771434540055 370.3765322580998 370.37616121690365 
 370.37594245941443 370.375817656335 370.3757490571131 370.37571291997943 
 370.3756947933973 370.375686205255 370.3756824011102 370.3756808464545 
 370.3756802704771 370.3756800816083 370.37568002861644 370.37568001651584 
 370.37568001443316 370.3756800141983 3*370.3756800141839
 SIGPRE = 5908.707015590993 4688.437564951041 3615.6172340210887 
 2910.160540040151 2409.5391388339867 2024.9893797589796 1715.4939476189868 
 1462.5651603949893 1254.556476446341 1082.6987595449698 939.9249193021053 
 821.1220312430681 722.2669978465639 640.081668641723 571.8019076534675 
 514.9163713308365 467.3506214160458 427.3266300601925 393.2505891142989 
 363.7661768314033 337.6912406960716 314.13893270832557 292.5134850497677 
 272.57049547458905 254.33156593013624 237.91575518867666 222.871268589505 
 207.85861783979803 192.3074053816286 178.16408287824376 166.90243109045886 
 158.14111056053937 151.18481251397444 145.56756426851504 141.29755600698152 
 137.62983363074588 134.87782196723546 132.523334755197 130.53884999580376 
 129.02592171377555 127.7237006376044 126.6056859589503 125.64834054215216 
 124.87408707193181 124.22740343598453 123.6783189181901 123.2135134205722 
 122.82128555698026 122.49138101457132 122.21483635898029 121.98383715078712 
 121.79158930434176 121.63220268105115 121.50058596790302 121.39235194834627 
 121.30373232672461 121.23150131929847 121.17290727455476 121.1256116330296 
 121.08763458230621 121.05730680624688 121.03322676892364 121.01422301316276 
 120.99932099117754 120.98771398046189 120.97873767201384 120.97184805009245 
 120.96660221313597 120.96264181422056 120.95967882658344 120.95748336529525 
 120.95587332020803 120.95470557787039 120.9538686312286 120.95327639568369 
 120.9528630684819 120.95257888553613 120.95238664565213 120.95225888681219 
 120.95217561269864 120.95212248006834 120.95208936895723 120.9520692680597 
 120.95205741702557 120.95205065590596 120.95204693959104 120.95204498188708 
 120.95204399989217 120.95204353463555 120.95204332854867 120.95204324432628 
 120.9520432131231 120.95204320289128 120.95204320002047 120.95204319936494 
 120.9520431992521 120.95204319923938 3*120.9520431992386
 FWTPRE = 100*1.0
 NPRESS = 100
 NBEAM = 100
 SIBEAM = 0.0 0.09654024613480672 0.18460997041792426 0.2648763676734428 
 0.3379601876424301 0.4044385343554535 0.46484752346005787 0.5196848033289435 
 0.5694119455935518 0.6144567105704684 0.6552151928745091 0.6920538523425614 
 0.7253114352260717 0.7553007904475811 0.7823105855577622 0.8066069268740447 
 0.8284348881300551 0.8480199518166893 0.8655693672506881 0.8812734292649989 
 0.895306681276996 0.9078290463557115 0.9189868897775879 0.9289140164318566 
 0.937732606311415 0.9455540912030136 0.9524799755715888 0.9586026045176974 
 0.9640058815741324 0.9687659389979341 0.9729517631070812 0.9766257771071299 
 0.9798443837519224 0.9826584700841674 0.9851138764061662 0.9872518315381735 
 0.9891093563318114 0.9907196373185507 0.9921123722884939 0.9933140895125093 
 0.9943484422411217 0.9952364800364358 0.995996898418698 0.9966462682368714 
 0.9971992461027418 0.9976687671605735 0.998066221399138 0.9984016146500068 
 0.9986837153552999 0.9989201881295685 0.9991177150841161 0.9992821058278061 
 0.9994183970062065 0.9995309421907509 0.9996234928814165 0.9996992713401783 
 0.9997610359281714 0.9998111395770254 0.999851581984196 0.9998840560832666 
 0.9999099893030817 0.9999305800941717 0.9999468301671904 0.9999595728559744 
 0.9999694979873027 0.9999771736104561 0.9999830649121916 0.9999875506167365 
 0.9999909371458189 0.9999934707905396 0.9999953481250355 0.9999967248713251 
 0.9999977234054302 0.9999984390768066 0.9999989454962203 0.9999992989314724 
 0.9999995419357331 0.9999997063196682 0.9999998155659932 0.9999998867735188 
 0.9999999322071232 0.9999999605203672 0.9999999777086039 0.9999999878423992 
 0.9999999936238189 0.9999999968016322 0.9999999984756609 0.9999999993153628 
 0.9999999997132027 0.9999999998894272 0.9999999999614456 0.9999999999881274 
 0.9999999999968766 0.9999999999993314 0.999999999999892 0.9999999999999885 
 0.9999999999999993 3*1.0
 PBEAM = 179620.08167541088 138326.64393991686 100009.80046320579 
 76995.48884749644 61592.678926928376 49932.677027764956 40498.746083552 
 32767.80756941129 26433.969588093038 21260.185824230135 17040.72515474286 
 13616.897753611698 10852.922546650323 8636.593676170407 6870.997101870886 
 5468.796786976464 4359.655440989913 3486.0824708178093 2799.4148772645763 
 2261.0143397937063 1841.9778461216988 1514.83173315704 1261.8394457833442 
 1066.955348401076 918.8784938078802 806.2766358548573 716.2703799919747 
 626.4687650136391 527.4849712718423 439.1690724758164 375.17005821210745 
 330.09408038814263 296.790435329855 271.4454719034761 253.3060886250158 
 237.82819075119073 226.21083949815872 216.27128488635393 207.8285696547658 
 201.13531678782547 195.3742406978286 190.42810079015823 186.1927678720332 
 182.36433883499257 179.04240421432976 176.22182430795982 173.83417540425825 
 171.81934891596148 170.124669694124 168.70409367441172 167.51747903877384 
 166.5299254014853 165.71117584212158 165.0350769094121 164.47909200935757 
 164.0238638687788 163.65282203175633 163.35183160153818 163.10887968462646 
 162.91379622715817 162.75800615662146 162.63430995463895 162.5366899892099 
 162.46014012773395 162.40051633551866 162.35440613859726 162.3190149947493 
 162.2920677729064 162.2717236888173 162.25650318428433 162.24522536858564 
 162.23695476419925 162.23095621485643 162.22665692248154 162.2236146810348 
 162.22149146983077 162.2200316568501 162.2190441441149 162.21838786260432 
 162.2179600936838 162.21768715787064 162.2175170701489 162.21741381430058 
 162.21735293699 162.21731820594675 162.2172991156923 162.21728905920685 
 162.21728401481923 162.21728162485303 162.21728056620992 162.2172801335699 
 162.21727997328298 162.21727992072329 162.21727990597634 162.2172799026089 
 162.21727990202933 162.217279901964 3*162.21727990195998
 DNBEAM = 4.768302204822974e+18 3.8283670581428147e+18 2.8538306293202836e+18 
 2.2729028530508877e+18 1.88605881867975e+18 1.5856320448562772e+18 
 1.3319737150469932e+18 1.1140520760825112e+18 9.274942878254035e+17 
 7.68967807473406e+17 6.350577661433603e+17 5.2261419881082925e+17 
 4.288454593196537e+17 3.511131858651061e+17 2.871348897593191e+17 
 2.346958348206229e+17 1.9191996053909197e+17 1.5720511425374166e+17 
 1.2913600124174448e+17 1.065258839617108e+17 8.846119889041149e+16 
 7.40110127792654e+16 6.2557947374691016e+16 5.351137244967875e+16 
 4.643417053455576e+16 4.08680623408572e+16 3.6292491700749096e+16 
 3.1867475890704668e+16 2.726467064930627e+16 2.3213512415407972e+16 
 2.020144567076543e+16 1.8011225615398386e+16 1.6346348054612898e+16 
 1.5045858306612448e+16 1.4059020349141552e+16 1.3211535320159648e+16 
 1.2520927209989032e+16 1.1925525597736324e+16 1.1409711402611854e+16 
 1.0961377318020214e+16 1.0575483220423954e+16 1.024417598433842e+16 
 9960480725166712.0 9690639432615358.0 9452800369633340.0 9250856575247916.0 
 9079909147669370.0 8935654519337086.0 8814321331239453.0 8712612987155400.0 
 8627655471343557.0 8556950036541735.0 8498330391590036.0 8449924039568973.0 
 8410117438066761.0 8377524673078298.0 8350959357103794.0 8329409480280706.0 
 8312014960861644.0 8298047658061961.0 8286893626261371.0 8278037404771952.0 
 8271048151894559.0 8265567445798898.0 8261298587891910.0 8257997256805656.0 
 8255463372954268.0 8253534044799155.0 8252077478535969.0 8250987742900076.0 
 8250180290188163.0 8249588143435688.0 8249158667989040.0 8248850853481322.0 
 8248633039485054.0 8248481024884850.0 8248376507309670.0 8248305804803318.0 
 8248258817310377.0 8248228190530854.0 8248208649267861.0 8248196471573541.0 
 8248189078810885.0 8248184720205388.0 8248182233582462.0 8248180866786076.0 
 8248180146776397.0 8248179785615641.0 8248179614502302.0 8248179538707107.0 
 8248179507731570.0 8248179496255583.0 8248179492492490.0 8248179491436660.0 
 8248179491195563.0 8248179491154067.0 8248179491149388.0 3*8248179491149101.0
 DMASS = 2.073914902999144e-07 2.0653258602494527e-07 2.0409024259860636e-07 
 2.0058971529438026e-07 1.9636950683619795e-07 1.917054744023094e-07 
 1.8678520063104217e-07 1.81742310824974e-07 1.7667561784776277e-07 
 1.7165441854951516e-07 1.6673318321562358e-07 1.6195397024121208e-07 
 1.5734846121289436e-07 1.5294480969087477e-07 1.4875920950810114e-07 
 1.4480765268320636e-07 1.4109630954756568e-07 1.376236058846088e-07 
 1.3438209523101415e-07 1.3135354920654393e-07 1.2849911037462954e-07 
 1.2577731482791825e-07 1.2311272116580362e-07 1.2042633012484308e-07 
 1.176209018123878e-07 1.1465977278689558e-07 1.1147925790270993e-07 
 1.0819831888263273e-07 1.0474498903721668e-07 1.0129832162220605e-07 
 9.794441804248335e-08 9.475190265008316e-08 9.179847199409264e-08 
 8.911543527311313e-08 8.665405355504795e-08 8.450132146362596e-08 
 8.258984452821228e-08 8.092983928562757e-08 7.948995094493202e-08 
 7.823162215130955e-08 7.714854220940279e-08 7.621866993551215e-08 
 7.542242908410532e-08 7.470598312381362e-08 7.408523132458293e-08 
 7.355816494559328e-08 7.311199802114965e-08 7.273549838748187e-08 
 7.241882292688397e-08 7.215336763625443e-08 7.193163143305403e-08 
 7.174709267260686e-08 7.15940974092645e-08 7.146775849027229e-08 
 7.136386462526146e-08 7.127879862619965e-08 7.120946406239188e-08 
 7.115321962279727e-08 7.110782052354605e-08 7.107136634215719e-08 
 7.104225470161304e-08 7.101914026719248e-08 7.10008985568337e-08 
 7.098659410184941e-08 7.097545252908503e-08 7.096683616814772e-08 
 7.096022281817875e-08 7.095518733784773e-08 7.095138574984434e-08 
 7.094854157720009e-08 7.094643415330836e-08 7.094488867058825e-08 
 7.094376775439858e-08 7.094296436908794e-08 7.094239588202621e-08 
 7.094199912913204e-08 7.094172634184456e-08 7.094154181072727e-08 
 7.094141917498182e-08 7.094133924013743e-08 7.094128823811106e-08 
 7.094125645474643e-08 7.094123715988939e-08 7.094122578407849e-08 
 7.094121929407791e-08 7.094121572678622e-08 7.094121384758564e-08 
 7.094121290496845e-08 7.09412124583685e-08 7.094121226054564e-08 
 7.094121217970056e-08 7.094121214974862e-08 7.094121213992708e-08 
 7.09412121371714e-08 7.094121213654214e-08 7.094121213643383e-08 
 7.094121213642162e-08 3*7.094121213642088e-08
 NMASS = 100
 KPRFIT = 1
 NDOKIN = 1
 RBDRY = 2.2953894117461555 1.1687789196208849 1.9449946945690293
 ZBDRY = -0.0022688574900080116 -0.02751984255119249 0.7190777066179697
 FWTBDRY = 3*1
 QVFIT = 1
 FWTQA = 1.0
 /
 &INWANT
 PSIWANT = 1.0
 VZEROJ = 0.10924428433910136 0.12479424498941538 0.14915786489984578 
 0.1800516374293553 0.21632562690845522 0.2575879866618921 
 0.30642303624274186 0.36048013492259456 0.40384439824337126 
 0.4148556566390985 0.39220217362000165 0.35970376907083185 
 0.3394177398719937 0.33234082774622076 0.33058310808302777 
 0.3295718026005171 0.3281664822612417 0.3264652333347621 0.3248163341974012 
 0.3235520085565696 0.32293552953303756 0.32316551212142797 
 0.3244144200444345 0.3267354378037815 0.33013436798459045 0.3346373962558873 
 0.3402332866487793 0.3469214826423705 0.3546844084803051 0.3633917413455111 
 0.3729635800549559 0.38342968305367037 0.3948837929126123 0.407276285172361 
 0.420600151076813 0.43485211470129864 0.45010582312379926 0.4664732807682829 
 0.48397828672938126 0.5026083629818732 0.5225688384246098 0.543910173963049 
 0.5667311163337807 0.5911558055995509 0.6173021916199745 0.6453013788322887 
 0.6753613565467679 0.7076620723461787 0.7424142677752208 0.7799406414948222 
 0.8205272205539837 0.8644425761821153 0.9119881958399353 0.9636855683112289 
 1.0203757477360194 1.0834777520083785 1.1530498112459155 1.2296608730865526 
 1.3147538240312115 1.4145006692392792 1.5263353478986406
 NCCOIL = 1
 CURRC79 = 4.66561423461425
 CURRC139 = 5.424242109859478
 REXPAN = 0.01
 ZNOSE = -1.276
 SIZEROJ = 1.0 0.9959492341960029 0.9918509098132606 0.9877032050385042 
 0.9835042297768752 0.9792520228799715 0.9749445492496353 0.9705753864612457 
 0.9661428776048856 0.9616493913331073 0.957092615213902 0.9524701487493734 
 0.9477794997159075 0.9430180803358594 0.938183203272169 0.9332720774368346 
 0.9282818036036611 0.9232093698151551 0.9180516465728636 0.9128053817998337 
 0.9074671955632272 0.9020335745444189 0.8965008662431797 0.8908614926300691 
 0.8851055925071548 0.8792367007395182 0.8732504354621292 0.8671422366259538 
 0.8608989875419378 0.8545075370510696 0.8479766060269287 0.8412956186208099 
 0.8344351719256514 0.8274147907254239 0.8201995709576775 0.8127952149254866 
 0.8051747921837799 0.7973418586369003 0.7892525416576155 0.7809167012318156 
 0.7723091850637958 0.7633849558898003 0.7541390826745037 0.7445399066590951 
 0.7345526096759859 0.7241388670013535 0.7132564575755729 0.701834905101108 
 0.689825261778935 0.6771538417040485 0.6637236703732232 0.6494058917729935 
 0.6340726020002109 0.617514488476796 0.599504656771516 0.5796799969751922 
 0.5575452896434803 0.5323789919616746 0.5029730971178773 0.46715287290004326 
 0.42023683487041336
 FITDELZ = .false.
 RELAXDZ = 1.0
 ERRDELZ = 0.06
 OLDCCOMP = .false.
 NICOIL = 1
 FWTJTR = 61*0.0
 SIGJTR = 61*0.0
 OLDCOMP = .false.
 CURRC199 = 8.300690408767391
 CURRIU30 = -2300.0899774278855
 CURRIU90 = -1474.2182635861814
 CURRIU150 = 861.7881762189322
 CURRIL30 = 887.6022928600696
 CURRIL90 = 2159.3849170365097
 CURRIL150 = 1346.4686378899505
 IFITDELZ = 3
 SCALEDZ = 0.001
 FWTXXJ = 1.0
 /
                                            MAG
